Tid | Avstand | X | Y | Z | Error | Power | uP | uI | uD
1 | 296 | 15 | 3 | 1020 | -4 | 65535 | 0 | 0 | 0
2 | 296 | 14 | 3 | 1020 | -4 | 65535 | 0 | 0 | 0
3 | 297 | 14 | 3 | 1020 | -3 | 65535 | 0 | 0 | 0
4 | 296 | 14 | 3 | 1019 | -4 | 65535 | 0 | 0 | 0
5 | 296 | 15 | 2 | 1019 | -4 | 65535 | 0 | 0 | 0
6 | 296 | 15 | 2 | 1020 | -4 | 65535 | 0 | 0 | 0
7 | 296 | 15 | 2 | 1020 | -4 | 65535 | 0 | 0 | 0
8 | 296 | 16 | 2 | 1020 | -4 | 65535 | 0 | 0 | 0
9 | 296 | 17 | 3 | 1020 | -4 | 65535 | 0 | 0 | 0
10 | 296 | 16 | 3 | 1020 | -4 | 65535 | 0 | 0 | 0
11 | 296 | 16 | 3 | 1020 | -4 | 65535 | 0 | 0 | 0
12 | 297 | 16 | 3 | 1019 | -3 | 65535 | 0 | 0 | 0
13 | 296 | 16 | 3 | 1019 | -4 | 65535 | 0 | 0 | 0
14 | 296 | 16 | 2 | 1019 | -4 | 65535 | 0 | 0 | 0
15 | 297 | 15 | 2 | 1019 | -3 | 65535 | 0 | 0 | 0
16 | 297 | 15 | 2 | 1019 | -3 | 65535 | 0 | 0 | 0
17 | 296 | 15 | 2 | 1019 | -4 | 65535 | 0 | 0 | 0
18 | 296 | 15 | 3 | 1019 | -4 | 65535 | 0 | 0 | 0
19 | 297 | 14 | 3 | 1019 | -3 | 65535 | 0 | 0 | 0
20 | 297 | 14 | 2 | 1019 | -3 | 65535 | 0 | 0 | 0
21 | 296 | 13 | 2 | 1019 | -4 | 65535 | 0 | 0 | 0
22 | 296 | 13 | 2 | 1019 | -4 | 65535 | 0 | 0 | 0
23 | 296 | 12 | 2 | 1019 | -4 | 65535 | 0 | 0 | 0
24 | 297 | 12 | 2 | 1018 | -3 | 65535 | 0 | 0 | 0
25 | 296 | 12 | 3 | 1018 | -4 | 65535 | 0 | 0 | 0
26 | 296 | 12 | 4 | 1019 | -4 | 65535 | 0 | 0 | 0
27 | 296 | 12 | 4 | 1019 | -4 | 65535 | 0 | 0 | 0
28 | 296 | 13 | 4 | 1020 | -4 | 65535 | 0 | 0 | 0
29 | 296 | 13 | 4 | 1020 | -4 | 65535 | 0 | 0 | 0
30 | 296 | 14 | 4 | 1021 | -4 | 65535 | 0 | 0 | 0
31 | 296 | 15 | 4 | 1021 | -4 | 65535 | 0 | 0 | 0
32 | 296 | 15 | 4 | 1021 | -4 | 65535 | 0 | 0 | 0
33 | 295 | 15 | 4 | 1021 | -5 | 65535 | 0 | 0 | 0
34 | 295 | 15 | 4 | 1020 | -5 | 65535 | 0 | 0 | 0
35 | 296 | 14 | 4 | 1020 | -4 | 65535 | 0 | 0 | 0
36 | 296 | 14 | 4 | 1021 | -4 | 65535 | 0 | 0 | 0
37 | 295 | 14 | 4 | 1021 | -5 | 65535 | 0 | 0 | 0
38 | 296 | 15 | 3 | 1021 | -4 | 65535 | 0 | 0 | 0
39 | 296 | 14 | 3 | 1021 | -4 | 65535 | 0 | 0 | 0
40 | 296 | 14 | 3 | 1022 | -4 | 65535 | 0 | 0 | 0
41 | 295 | 14 | 4 | 1022 | -5 | 65535 | 0 | 0 | 0
42 | 296 | 15 | 5 | 1021 | -4 | 65535 | 0 | 0 | 0
43 | 296 | 16 | 4 | 1021 | -4 | 65535 | 0 | 0 | 0
44 | 296 | 16 | 3 | 1020 | -4 | 65535 | 0 | 0 | 0
45 | 295 | 16 | 2 | 1019 | -5 | 65535 | 0 | 0 | 0
46 | 296 | 16 | 2 | 1019 | -4 | 65535 | 0 | 0 | 0
47 | 296 | 16 | 2 | 1018 | -4 | 65535 | 0 | 0 | 0
48 | 296 | 16 | 2 | 1018 | -4 | 65535 | 0 | 0 | 0
49 | 299 | 16 | 2 | 1019 | -1 | 65535 | 0 | 0 | 0
50 | 299 | 16 | 2 | 1019 | -1 | 65535 | 0 | 0 | 0
51 | 299 | 16 | 2 | 1019 | -1 | 65535 | 0 | 0 | 0
52 | 299 | 16 | 2 | 1018 | -1 | 65535 | 0 | 0 | 0
53 | 295 | 15 | 3 | 1018 | -5 | 65535 | 0 | 0 | 0
54 | 296 | 15 | 3 | 1019 | -4 | 65535 | 0 | 0 | 0
55 | 296 | 15 | 3 | 1019 | -4 | 65535 | 0 | 0 | 0
56 | 296 | 15 | 3 | 1018 | -4 | 65535 | 0 | 0 | 0
57 | 295 | 15 | 3 | 1018 | -5 | 65535 | 0 | 0 | 0
58 | 296 | 15 | 3 | 1018 | -4 | 65535 | 0 | 0 | 0
59 | 296 | 15 | 3 | 1018 | -4 | 65535 | 0 | 0 | 0
60 | 296 | 15 | 3 | 1019 | -4 | 65535 | 0 | 0 | 0
61 | 295 | 15 | 3 | 1020 | -5 | 65535 | 0 | 0 | 0
62 | 296 | 15 | 3 | 1020 | -4 | 65535 | 0 | 0 | 0
63 | 296 | 15 | 3 | 1021 | -4 | 65535 | 0 | 0 | 0
64 | 296 | 15 | 3 | 1021 | -4 | 65535 | 0 | 0 | 0
65 | 299 | 14 | 3 | 1020 | -1 | 65535 | 0 | 0 | 0
66 | 299 | 14 | 3 | 1019 | -1 | 65535 | 0 | 0 | 0
67 | 299 | 14 | 3 | 1019 | -1 | 65535 | 0 | 0 | 0
68 | 298 | 15 | 3 | 1018 | -2 | 65535 | 0 | 0 | 0
69 | 295 | 14 | 3 | 1017 | -5 | 65535 | 0 | 0 | 0
70 | 296 | 14 | 3 | 1016 | -4 | 65535 | 0 | 0 | 0
71 | 296 | 14 | 3 | 1016 | -4 | 65535 | 0 | 0 | 0
72 | 296 | 14 | 3 | 1016 | -4 | 65535 | 0 | 0 | 0
73 | 296 | 14 | 3 | 1016 | -4 | 65535 | 0 | 0 | 0
74 | 296 | 14 | 3 | 1017 | -4 | 65535 | 0 | 0 | 0
75 | 296 | 15 | 3 | 1018 | -4 | 65535 | 0 | 0 | 0
76 | 296 | 16 | 3 | 1019 | -4 | 65535 | 0 | 0 | 0
77 | 295 | 17 | 3 | 1019 | -5 | 65535 | 0 | 0 | 0
78 | 296 | 16 | 3 | 1019 | -4 | 65535 | 0 | 0 | 0
79 | 296 | 16 | 3 | 1020 | -4 | 65535 | 0 | 0 | 0
80 | 296 | 15 | 3 | 1019 | -4 | 65535 | 0 | 0 | 0
81 | 295 | 15 | 3 | 1019 | -5 | 65535 | 0 | 0 | 0
82 | 296 | 15 | 3 | 1019 | -4 | 65535 | 0 | 0 | 0
83 | 296 | 15 | 3 | 1020 | -4 | 65535 | 0 | 0 | 0
84 | 296 | 15 | 3 | 1021 | -4 | 65535 | 0 | 0 | 0
85 | 295 | 16 | 3 | 1022 | -5 | 65535 | 0 | 0 | 0
86 | 296 | 16 | 3 | 1022 | -4 | 65535 | 0 | 0 | 0
87 | 296 | 16 | 3 | 1022 | -4 | 65535 | 0 | 0 | 0
88 | 297 | 16 | 4 | 1023 | -3 | 65535 | 0 | 0 | 0
89 | 299 | 15 | 4 | 1023 | -1 | 65535 | 0 | 0 | 0
90 | 299 | 15 | 5 | 1023 | -1 | 65535 | 0 | 0 | 0
91 | 299 | 15 | 5 | 1022 | -1 | 65535 | 0 | 0 | 0
92 | 298 | 15 | 5 | 1021 | -2 | 65535 | 0 | 0 | 0
93 | 294 | 14 | 5 | 1020 | -6 | 65535 | 0 | 0 | 0
94 | 296 | 14 | 5 | 1019 | -4 | 65535 | 0 | 0 | 0
95 | 296 | 14 | 6 | 1017 | -4 | 65535 | 0 | 0 | 0
96 | 296 | 14 | 6 | 1017 | -4 | 65535 | 0 | 0 | 0
97 | 296 | 14 | 5 | 1017 | -4 | 65535 | 0 | 0 | 0
98 | 296 | 14 | 5 | 1018 | -4 | 65535 | 0 | 0 | 0
99 | 296 | 16 | 5 | 1019 | -4 | 65535 | 0 | 0 | 0
100 | 296 | 16 | 5 | 1020 | -4 | 65535 | 0 | 0 | 0
101 | 296 | 17 | 4 | 1020 | -4 | 65535 | 0 | 0 | 0
102 | 296 | 18 | 4 | 1019 | -4 | 65535 | 0 | 0 | 0
103 | 296 | 18 | 4 | 1019 | -4 | 65535 | 0 | 0 | 0
104 | 296 | 18 | 4 | 1019 | -4 | 65535 | 0 | 0 | 0
105 | 295 | 17 | 4 | 1020 | -5 | 65535 | 0 | 0 | 0
106 | 296 | 17 | 4 | 1020 | -4 | 65535 | 0 | 0 | 0
107 | 296 | 17 | 4 | 1021 | -4 | 65535 | 0 | 0 | 0
108 | 296 | 17 | 4 | 1021 | -4 | 65535 | 0 | 0 | 0
109 | 296 | 17 | 4 | 1021 | -4 | 65535 | 0 | 0 | 0
110 | 296 | 17 | 4 | 1021 | -4 | 65535 | 0 | 0 | 0
111 | 296 | 17 | 5 | 1022 | -4 | 65535 | 0 | 0 | 0
112 | 295 | 17 | 5 | 1023 | -5 | 65535 | 0 | 0 | 0
113 | 296 | 17 | 4 | 1023 | -4 | 65535 | 0 | 0 | 0
114 | 296 | 17 | 3 | 1022 | -4 | 65535 | 0 | 0 | 0
115 | 296 | 17 | 2 | 1021 | -4 | 65535 | 0 | 0 | 0
116 | 295 | 17 | 2 | 1021 | -5 | 65535 | 0 | 0 | 0
117 | 295 | 17 | 2 | 1020 | -5 | 65535 | 0 | 0 | 0
118 | 296 | 16 | 2 | 1020 | -4 | 65535 | 0 | 0 | 0
119 | 296 | 15 | 2 | 1020 | -4 | 65535 | 0 | 0 | 0
120 | 296 | 14 | 2 | 1020 | -4 | 65535 | 0 | 0 | 0
121 | 296 | 14 | 2 | 1020 | -4 | 65535 | 0 | 0 | 0
122 | 296 | 14 | 2 | 1020 | -4 | 65535 | 0 | 0 | 0
123 | 296 | 14 | 2 | 1020 | -4 | 65535 | 0 | 0 | 0
124 | 296 | 14 | 2 | 1020 | -4 | 65535 | 0 | 0 | 0
125 | 296 | 14 | 2 | 1019 | -4 | 65535 | 0 | 0 | 0
126 | 296 | 14 | 2 | 1019 | -4 | 65535 | 0 | 0 | 0
127 | 296 | 14 | 2 | 1019 | -4 | 65535 | 0 | 0 | 0
128 | 297 | 15 | 3 | 1020 | -3 | 65535 | 0 | 0 | 0
129 | 299 | 15 | 3 | 1020 | -1 | 65535 | 0 | 0 | 0
130 | 300 | 15 | 3 | 1020 | 0 | 65535 | 0 | 0 | 0
131 | 299 | 15 | 3 | 1020 | -1 | 65535 | 0 | 0 | 0
132 | 299 | 15 | 3 | 1020 | -1 | 65535 | 0 | 0 | 0
133 | 299 | 15 | 4 | 1021 | -1 | 65535 | 0 | 0 | 0
134 | 300 | 15 | 4 | 1021 | 0 | 65535 | 0 | 0 | 0
135 | 300 | 15 | 4 | 1021 | 0 | 65535 | 0 | 0 | 0
136 | 297 | 15 | 4 | 1021 | -3 | 65535 | 0 | 0 | 0
137 | 296 | 16 | 3 | 1022 | -4 | 65535 | 0 | 0 | 0
138 | 297 | 16 | 3 | 1022 | -3 | 65535 | 0 | 0 | 0
139 | 297 | 16 | 3 | 1022 | -3 | 65535 | 0 | 0 | 0
140 | 296 | 16 | 3 | 1021 | -4 | 65535 | 0 | 0 | 0
141 | 296 | 16 | 3 | 1020 | -4 | 65535 | 0 | 0 | 0
142 | 297 | 17 | 3 | 1019 | -3 | 65535 | 0 | 0 | 0
143 | 296 | 18 | 3 | 1019 | -4 | 65535 | 0 | 0 | 0
144 | 296 | 18 | 3 | 1019 | -4 | 65535 | 0 | 0 | 0
145 | 296 | 18 | 3 | 1019 | -4 | 65535 | 0 | 0 | 0
146 | 296 | 17 | 3 | 1018 | -4 | 65535 | 0 | 0 | 0
147 | 297 | 17 | 3 | 1018 | -3 | 65535 | 0 | 0 | 0
148 | 296 | 17 | 4 | 1018 | -4 | 65535 | 0 | 0 | 0
149 | 296 | 17 | 4 | 1017 | -4 | 65535 | 0 | 0 | 0
150 | 297 | 17 | 5 | 1016 | -3 | 65535 | 0 | 0 | 0
151 | 297 | 17 | 5 | 1015 | -3 | 65535 | 0 | 0 | 0
152 | 296 | 17 | 5 | 1016 | -4 | 65535 | 0 | 0 | 0
153 | 296 | 17 | 5 | 1017 | -4 | 65535 | 0 | 0 | 0
154 | 296 | 16 | 5 | 1018 | -4 | 65535 | 0 | 0 | 0
155 | 296 | 16 | 5 | 1018 | -4 | 65535 | 0 | 0 | 0
156 | 296 | 15 | 6 | 1019 | -4 | 65535 | 0 | 0 | 0
157 | 296 | 15 | 6 | 1019 | -4 | 65535 | 0 | 0 | 0
158 | 296 | 15 | 6 | 1019 | -4 | 65535 | 0 | 0 | 0
159 | 296 | 15 | 6 | 1020 | -4 | 65535 | 0 | 0 | 0
160 | 296 | 15 | 6 | 1020 | -4 | 65535 | 0 | 0 | 0
161 | 296 | 15 | 6 | 1021 | -4 | 65535 | 0 | 0 | 0
162 | 296 | 16 | 5 | 1023 | -4 | 65535 | 0 | 0 | 0
163 | 296 | 17 | 5 | 1022 | -4 | 65535 | 0 | 0 | 0
164 | 299 | 18 | 4 | 1021 | -1 | 65535 | 0 | 0 | 0
165 | 299 | 18 | 4 | 1021 | -1 | 65535 | 0 | 0 | 0
166 | 300 | 18 | 3 | 1021 | 0 | 65535 | 0 | 0 | 0
167 | 299 | 17 | 2 | 1020 | -1 | 65535 | 0 | 0 | 0
168 | 296 | 16 | 2 | 1020 | -4 | 65535 | 0 | 0 | 0
169 | 297 | 16 | 2 | 1020 | -3 | 65535 | 0 | 0 | 0
170 | 296 | 16 | 2 | 1020 | -4 | 65535 | 0 | 0 | 0
171 | 297 | 16 | 2 | 1021 | -3 | 65535 | 0 | 0 | 0
172 | 299 | 16 | 2 | 1023 | -1 | 65535 | 0 | 0 | 0
173 | 299 | 16 | 2 | 1023 | -1 | 65535 | 0 | 0 | 0
174 | 300 | 16 | 2 | 1023 | 0 | 65535 | 0 | 0 | 0
175 | 299 | 16 | 2 | 1023 | -1 | 65535 | 0 | 0 | 0
176 | 296 | 16 | 2 | 1023 | -4 | 65535 | 0 | 0 | 0
177 | 297 | 15 | 2 | 1022 | -3 | 65535 | 0 | 0 | 0
178 | 296 | 14 | 2 | 1022 | -4 | 65535 | 0 | 0 | 0
179 | 297 | 14 | 2 | 1021 | -3 | 65535 | 0 | 0 | 0
180 | 296 | 14 | 2 | 1021 | -4 | 65535 | 0 | 0 | 0
181 | 296 | 14 | 3 | 1021 | -4 | 65535 | 0 | 0 | 0
182 | 296 | 14 | 3 | 1020 | -4 | 65535 | 0 | 0 | 0
183 | 297 | 14 | 4 | 1020 | -3 | 65535 | 0 | 0 | 0
184 | 296 | 14 | 4 | 1020 | -4 | 65535 | 0 | 0 | 0
185 | 297 | 15 | 4 | 1020 | -3 | 65535 | 0 | 0 | 0
186 | 296 | 15 | 4 | 1020 | -4 | 65535 | 0 | 0 | 0
187 | 296 | 14 | 4 | 1020 | -4 | 65535 | 0 | 0 | 0
188 | 296 | 14 | 4 | 1018 | -4 | 65535 | 0 | 0 | 0
189 | 296 | 14 | 4 | 1018 | -4 | 65535 | 0 | 0 | 0
190 | 296 | 14 | 4 | 1017 | -4 | 65535 | 0 | 0 | 0
191 | 297 | 15 | 4 | 1018 | -3 | 65535 | 0 | 0 | 0
192 | 299 | 15 | 4 | 1019 | -1 | 65535 | 0 | 0 | 0
193 | 299 | 15 | 4 | 1019 | -1 | 65535 | 0 | 0 | 0
194 | 300 | 15 | 4 | 1019 | 0 | 65535 | 0 | 0 | 0
195 | 299 | 14 | 4 | 1018 | -1 | 65535 | 0 | 0 | 0
196 | 295 | 14 | 5 | 1018 | -5 | 65535 | 0 | 0 | 0
197 | 297 | 14 | 5 | 1018 | -3 | 65535 | 0 | 0 | 0
198 | 296 | 15 | 5 | 1019 | -4 | 65535 | 0 | 0 | 0
199 | 298 | 15 | 5 | 1019 | -2 | 65535 | 0 | 0 | 0
200 | 296 | 15 | 5 | 1019 | -4 | 65535 | 0 | 0 | 0
201 | 297 | 15 | 5 | 1019 | -3 | 65535 | 0 | 0 | 0
202 | 297 | 15 | 5 | 1020 | -3 | 65535 | 0 | 0 | 0
203 | 296 | 15 | 4 | 1020 | -4 | 65535 | 0 | 0 | 0
204 | 296 | 15 | 3 | 1020 | -4 | 65535 | 0 | 0 | 0
205 | 297 | 15 | 3 | 1021 | -3 | 65535 | 0 | 0 | 0
206 | 296 | 15 | 3 | 1020 | -4 | 65535 | 0 | 0 | 0
207 | 297 | 15 | 3 | 1019 | -3 | 65535 | 0 | 0 | 0
208 | 300 | 15 | 2 | 1019 | 0 | 65535 | 0 | 0 | 0
209 | 300 | 14 | 2 | 1019 | 0 | 65535 | 0 | 0 | 0
210 | 301 | 13 | 2 | 1019 | 1 | 65535 | 0 | 0 | 0
211 | 299 | 13 | 2 | 1019 | -1 | 65535 | 0 | 0 | 0
212 | 295 | 14 | 2 | 1018 | -5 | 65535 | 0 | 0 | 0
213 | 297 | 15 | 2 | 1018 | -3 | 65535 | 0 | 0 | 0
214 | 296 | 15 | 2 | 1017 | -4 | 65535 | 0 | 0 | 0
215 | 296 | 14 | 2 | 1017 | -4 | 65535 | 0 | 0 | 0
216 | 296 | 14 | 2 | 1017 | -4 | 65535 | 0 | 0 | 0
217 | 296 | 14 | 3 | 1017 | -4 | 65535 | 0 | 0 | 0
218 | 296 | 14 | 3 | 1017 | -4 | 65535 | 0 | 0 | 0
219 | 296 | 14 | 3 | 1017 | -4 | 65535 | 0 | 0 | 0
220 | 296 | 14 | 2 | 1017 | -4 | 65535 | 0 | 0 | 0
221 | 296 | 15 | 2 | 1017 | -4 | 65535 | 0 | 0 | 0
222 | 297 | 16 | 2 | 1017 | -3 | 65535 | 0 | 0 | 0
223 | 296 | 16 | 3 | 1018 | -4 | 65535 | 0 | 0 | 0
224 | 295 | 16 | 3 | 1019 | -5 | 65535 | 0 | 0 | 0
225 | 297 | 17 | 4 | 1020 | -3 | 65535 | 0 | 0 | 0
226 | 296 | 18 | 5 | 1021 | -4 | 65535 | 0 | 0 | 0
227 | 296 | 18 | 5 | 1021 | -4 | 65535 | 0 | 0 | 0
228 | 296 | 18 | 5 | 1020 | -4 | 65535 | 0 | 0 | 0
229 | 297 | 18 | 5 | 1020 | -3 | 65535 | 0 | 0 | 0
230 | 296 | 17 | 5 | 1019 | -4 | 65535 | 0 | 0 | 0
231 | 296 | 16 | 5 | 1019 | -4 | 65535 | 0 | 0 | 0
232 | 296 | 16 | 5 | 1019 | -4 | 65535 | 0 | 0 | 0
233 | 296 | 16 | 4 | 1019 | -4 | 65535 | 0 | 0 | 0
234 | 296 | 16 | 4 | 1019 | -4 | 65535 | 0 | 0 | 0
235 | 296 | 16 | 3 | 1019 | -4 | 65535 | 0 | 0 | 0
236 | 295 | 17 | 2 | 1019 | -5 | 65535 | 0 | 0 | 0
237 | 296 | 18 | 2 | 1017 | -4 | 65535 | 0 | 0 | 0
238 | 296 | 18 | 3 | 1017 | -4 | 65535 | 0 | 0 | 0
239 | 295 | 18 | 3 | 1017 | -5 | 65535 | 0 | 0 | 0
240 | 295 | 17 | 3 | 1017 | -5 | 65535 | 0 | 0 | 0
241 | 296 | 17 | 4 | 1017 | -4 | 65535 | 0 | 0 | 0
242 | 296 | 17 | 4 | 1017 | -4 | 65535 | 0 | 0 | 0
243 | 297 | 17 | 5 | 1017 | -3 | 65535 | 0 | 0 | 0
244 | 299 | 17 | 5 | 1017 | -1 | 65535 | 0 | 0 | 0
245 | 299 | 17 | 5 | 1017 | -1 | 65535 | 0 | 0 | 0
246 | 299 | 17 | 5 | 1017 | -1 | 65535 | 0 | 0 | 0
247 | 297 | 16 | 5 | 1017 | -3 | 65535 | 0 | 0 | 0
248 | 295 | 16 | 4 | 1017 | -5 | 65535 | 0 | 0 | 0
249 | 296 | 15 | 4 | 1017 | -4 | 65535 | 0 | 0 | 0
250 | 296 | 14 | 4 | 1017 | -4 | 65535 | 0 | 0 | 0
251 | 295 | 15 | 5 | 1018 | -5 | 65535 | 0 | 0 | 0
252 | 296 | 15 | 5 | 1018 | -4 | 65535 | 0 | 0 | 0
253 | 296 | 15 | 5 | 1018 | -4 | 65535 | 0 | 0 | 0
254 | 296 | 15 | 5 | 1018 | -4 | 65535 | 0 | 0 | 0
255 | 295 | 15 | 5 | 1018 | -5 | 65535 | 0 | 0 | 0
256 | 296 | 15 | 4 | 1019 | -4 | 65535 | 0 | 0 | 0
257 | 296 | 15 | 3 | 1019 | -4 | 65535 | 0 | 0 | 0
258 | 296 | 14 | 2 | 1019 | -4 | 65535 | 0 | 0 | 0
259 | 295 | 14 | 2 | 1018 | -5 | 65535 | 0 | 0 | 0
260 | 296 | 14 | 2 | 1018 | -4 | 65535 | 0 | 0 | 0
261 | 296 | 14 | 2 | 1018 | -4 | 65535 | 0 | 0 | 0
262 | 296 | 14 | 2 | 1019 | -4 | 65535 | 0 | 0 | 0
263 | 295 | 14 | 2 | 1019 | -5 | 65535 | 0 | 0 | 0
264 | 296 | 14 | 2 | 1018 | -4 | 65535 | 0 | 0 | 0
265 | 296 | 14 | 3 | 1019 | -4 | 65535 | 0 | 0 | 0
266 | 296 | 15 | 3 | 1019 | -4 | 65535 | 0 | 0 | 0
267 | 295 | 15 | 3 | 1019 | -5 | 65535 | 0 | 0 | 0
268 | 296 | 15 | 3 | 1019 | -4 | 65535 | 0 | 0 | 0
269 | 296 | 15 | 3 | 1019 | -4 | 65535 | 0 | 0 | 0
270 | 296 | 15 | 3 | 1019 | -4 | 65535 | 0 | 0 | 0
271 | 295 | 15 | 3 | 1020 | -5 | 65535 | 0 | 0 | 0
272 | 296 | 15 | 4 | 1020 | -4 | 65535 | 0 | 0 | 0
273 | 296 | 15 | 4 | 1020 | -4 | 65535 | 0 | 0 | 0
274 | 296 | 15 | 4 | 1020 | -4 | 65535 | 0 | 0 | 0
275 | 295 | 15 | 4 | 1020 | -5 | 65535 | 0 | 0 | 0
276 | 296 | 15 | 4 | 1020 | -4 | 65535 | 0 | 0 | 0
277 | 296 | 15 | 4 | 1020 | -4 | 65535 | 0 | 0 | 0
278 | 296 | 15 | 4 | 1020 | -4 | 65535 | 0 | 0 | 0
279 | 296 | 16 | 4 | 1019 | -4 | 65535 | 0 | 0 | 0
280 | 295 | 15 | 4 | 1019 | -5 | 65535 | 0 | 0 | 0
281 | 296 | 15 | 4 | 1021 | -4 | 65535 | 0 | 0 | 0
282 | 296 | 16 | 3 | 1021 | -4 | 65535 | 0 | 0 | 0
283 | 295 | 16 | 3 | 1021 | -5 | 65535 | 0 | 0 | 0
284 | 296 | 15 | 4 | 1021 | -4 | 65535 | 0 | 0 | 0
285 | 296 | 15 | 4 | 1021 | -4 | 65535 | 0 | 0 | 0
286 | 296 | 15 | 3 | 1021 | -4 | 65535 | 0 | 0 | 0
287 | 295 | 14 | 3 | 1021 | -5 | 65535 | 0 | 0 | 0
288 | 296 | 14 | 2 | 1020 | -4 | 65535 | 0 | 0 | 0
289 | 296 | 14 | 2 | 1019 | -4 | 65535 | 0 | 0 | 0
290 | 296 | 14 | 1 | 1018 | -4 | 65535 | 0 | 0 | 0
291 | 295 | 14 | 1 | 1017 | -5 | 65535 | 0 | 0 | 0
292 | 295 | 13 | 1 | 1018 | -5 | 65535 | 0 | 0 | 0
293 | 296 | 13 | 1 | 1018 | -4 | 65535 | 0 | 0 | 0
294 | 296 | 13 | 1 | 1018 | -4 | 65535 | 0 | 0 | 0
295 | 296 | 13 | 1 | 1018 | -4 | 65535 | 0 | 0 | 0
296 | 296 | 13 | 2 | 1019 | -4 | 65535 | 0 | 0 | 0
297 | 296 | 14 | 3 | 1020 | -4 | 65535 | 0 | 0 | 0
298 | 296 | 16 | 4 | 1020 | -4 | 65535 | 0 | 0 | 0
299 | 295 | 17 | 4 | 1019 | -5 | 65535 | 0 | 0 | 0
300 | 296 | 18 | 4 | 1019 | -4 | 65535 | 0 | 0 | 0
301 | 296 | 18 | 4 | 1019 | -4 | 65535 | 0 | 0 | 0
302 | 296 | 17 | 4 | 1020 | -4 | 65535 | 0 | 0 | 0
303 | 295 | 16 | 4 | 1020 | -5 | 65535 | 0 | 0 | 0
304 | 296 | 15 | 4 | 1020 | -4 | 65535 | 0 | 0 | 0
305 | 296 | 16 | 3 | 1020 | -4 | 65535 | 0 | 0 | 0
306 | 296 | 17 | 3 | 1020 | -4 | 65535 | 0 | 0 | 0
307 | 295 | 16 | 4 | 1021 | -5 | 65535 | 0 | 0 | 0
308 | 296 | 16 | 5 | 1021 | -4 | 65535 | 0 | 0 | 0
309 | 296 | 15 | 5 | 1021 | -4 | 65535 | 0 | 0 | 0
310 | 296 | 15 | 5 | 1021 | -4 | 65535 | 0 | 0 | 0
311 | 295 | 16 | 5 | 1021 | -5 | 65535 | 0 | 0 | 0
312 | 296 | 16 | 5 | 1021 | -4 | 65535 | 0 | 0 | 0
313 | 296 | 16 | 5 | 1021 | -4 | 65535 | 0 | 0 | 0
314 | 296 | 16 | 5 | 1020 | -4 | 65535 | 0 | 0 | 0
315 | 295 | 16 | 5 | 1020 | -5 | 65535 | 0 | 0 | 0
316 | 296 | 15 | 5 | 1020 | -4 | 65535 | 0 | 0 | 0
317 | 296 | 14 | 5 | 1020 | -4 | 65535 | 0 | 0 | 0
318 | 296 | 14 | 5 | 1021 | -4 | 65535 | 0 | 0 | 0
319 | 295 | 14 | 5 | 1022 | -5 | 65535 | 0 | 0 | 0
320 | 296 | 15 | 5 | 1023 | -4 | 65535 | 0 | 0 | 0
321 | 296 | 15 | 5 | 1024 | -4 | 65535 | 0 | 0 | 0
322 | 296 | 15 | 4 | 1024 | -4 | 65535 | 0 | 0 | 0
323 | 295 | 15 | 4 | 1024 | -5 | 65535 | 0 | 0 | 0
324 | 296 | 15 | 3 | 1024 | -4 | 65535 | 0 | 0 | 0
325 | 296 | 15 | 3 | 1024 | -4 | 65535 | 0 | 0 | 0
326 | 296 | 15 | 4 | 1023 | -4 | 65535 | 0 | 0 | 0
327 | 299 | 16 | 5 | 1023 | -1 | 65535 | 0 | 0 | 0
328 | 299 | 17 | 5 | 1022 | -1 | 65535 | 0 | 0 | 0
329 | 300 | 17 | 5 | 1022 | 0 | 65535 | 0 | 0 | 0
330 | 299 | 17 | 5 | 1022 | -1 | 65535 | 0 | 0 | 0
331 | 295 | 17 | 5 | 1022 | -5 | 65535 | 0 | 0 | 0
332 | 297 | 17 | 4 | 1021 | -3 | 65535 | 0 | 0 | 0
333 | 296 | 17 | 4 | 1021 | -4 | 65535 | 0 | 0 | 0
334 | 296 | 17 | 4 | 1020 | -4 | 65535 | 0 | 0 | 0
335 | 296 | 17 | 4 | 1020 | -4 | 65535 | 0 | 0 | 0
336 | 296 | 17 | 3 | 1019 | -4 | 65535 | 0 | 0 | 0
337 | 296 | 16 | 3 | 1019 | -4 | 65535 | 0 | 0 | 0
338 | 296 | 16 | 3 | 1019 | -4 | 65535 | 0 | 0 | 0
339 | 296 | 17 | 2 | 1019 | -4 | 65535 | 0 | 0 | 0
340 | 296 | 16 | 2 | 1019 | -4 | 65535 | 0 | 0 | 0
341 | 296 | 16 | 2 | 1019 | -4 | 65535 | 0 | 0 | 0
342 | 296 | 16 | 2 | 1019 | -4 | 65535 | 0 | 0 | 0
343 | 296 | 16 | 1 | 1017 | -4 | 65535 | 0 | 0 | 0
344 | 297 | 15 | 1 | 1017 | -3 | 65535 | 0 | 0 | 0
345 | 296 | 16 | 1 | 1016 | -4 | 65535 | 0 | 0 | 0
346 | 296 | 15 | 1 | 1016 | -4 | 65535 | 0 | 0 | 0
347 | 296 | 15 | 0 | 1016 | -4 | 65535 | 0 | 0 | 0
348 | 297 | 15 | 0 | 1016 | -3 | 65535 | 0 | 0 | 0
349 | 297 | 15 | 1 | 1016 | -3 | 65535 | 0 | 0 | 0
350 | 296 | 15 | 1 | 1017 | -4 | 65535 | 0 | 0 | 0
351 | 296 | 15 | 1 | 1018 | -4 | 65535 | 0 | 0 | 0
352 | 297 | 15 | 1 | 1018 | -3 | 65535 | 0 | 0 | 0
353 | 296 | 15 | 1 | 1019 | -4 | 65535 | 0 | 0 | 0
354 | 297 | 16 | 1 | 1020 | -3 | 65535 | 0 | 0 | 0
355 | 300 | 17 | 2 | 1020 | 0 | 65535 | 0 | 0 | 0
356 | 300 | 18 | 2 | 1021 | 0 | 65535 | 0 | 0 | 0
357 | 300 | 18 | 2 | 1021 | 0 | 65535 | 0 | 0 | 0
358 | 298 | 18 | 2 | 1020 | -2 | 65535 | 0 | 0 | 0
359 | 295 | 18 | 2 | 1020 | -5 | 65535 | 0 | 0 | 0
360 | 297 | 17 | 2 | 1020 | -3 | 65535 | 0 | 0 | 0
361 | 297 | 16 | 2 | 1020 | -3 | 65535 | 0 | 0 | 0
362 | 296 | 16 | 2 | 1019 | -4 | 65535 | 0 | 0 | 0
363 | 296 | 16 | 2 | 1019 | -4 | 65535 | 0 | 0 | 0
364 | 296 | 16 | 4 | 1019 | -4 | 65535 | 0 | 0 | 0
365 | 296 | 16 | 4 | 1020 | -4 | 65535 | 0 | 0 | 0
366 | 296 | 16 | 4 | 1020 | -4 | 65535 | 0 | 0 | 0
367 | 296 | 16 | 4 | 1019 | -4 | 65535 | 0 | 0 | 0
368 | 296 | 16 | 4 | 1019 | -4 | 65535 | 0 | 0 | 0
369 | 297 | 15 | 3 | 1019 | -3 | 65535 | 0 | 0 | 0
370 | 296 | 14 | 3 | 1019 | -4 | 65535 | 0 | 0 | 0
371 | 296 | 14 | 3 | 1019 | -4 | 65535 | 0 | 0 | 0
372 | 296 | 14 | 3 | 1019 | -4 | 65535 | 0 | 0 | 0
373 | 296 | 15 | 3 | 1017 | -4 | 65535 | 0 | 0 | 0
374 | 296 | 15 | 2 | 1016 | -4 | 65535 | 0 | 0 | 0
375 | 296 | 15 | 2 | 1016 | -4 | 65535 | 0 | 0 | 0
376 | 297 | 15 | 1 | 1016 | -3 | 65535 | 0 | 0 | 0
377 | 297 | 15 | 1 | 1016 | -3 | 65535 | 0 | 0 | 0
378 | 296 | 14 | 1 | 1018 | -4 | 65535 | 0 | 0 | 0
379 | 296 | 15 | 1 | 1019 | -4 | 65535 | 0 | 0 | 0
380 | 296 | 15 | 1 | 1019 | -4 | 65535 | 0 | 0 | 0
381 | 296 | 15 | 1 | 1019 | -4 | 65535 | 0 | 0 | 0
382 | 296 | 15 | 1 | 1018 | -4 | 65535 | 0 | 0 | 0
383 | 296 | 15 | 2 | 1018 | -4 | 65535 | 0 | 0 | 0
384 | 297 | 15 | 2 | 1019 | -3 | 65535 | 0 | 0 | 0
385 | 297 | 15 | 2 | 1020 | -3 | 65535 | 0 | 0 | 0
386 | 296 | 15 | 2 | 1020 | -4 | 65535 | 0 | 0 | 0
387 | 296 | 16 | 3 | 1019 | -4 | 65535 | 0 | 0 | 0
388 | 297 | 16 | 3 | 1018 | -3 | 65535 | 0 | 0 | 0
389 | 297 | 16 | 4 | 1018 | -3 | 65535 | 0 | 0 | 0
390 | 296 | 16 | 5 | 1018 | -4 | 65535 | 0 | 0 | 0
391 | 296 | 16 | 5 | 1018 | -4 | 65535 | 0 | 0 | 0
392 | 296 | 16 | 5 | 1017 | -4 | 65535 | 0 | 0 | 0
393 | 297 | 16 | 5 | 1017 | -3 | 65535 | 0 | 0 | 0
394 | 296 | 16 | 5 | 1018 | -4 | 65535 | 0 | 0 | 0
395 | 296 | 15 | 5 | 1015 | -4 | 65535 | 0 | 0 | 0
396 | 296 | 15 | 5 | 1016 | -4 | 65535 | 0 | 0 | 0
397 | 296 | 15 | 5 | 1016 | -4 | 65535 | 0 | 0 | 0
398 | 296 | 15 | 5 | 1017 | -4 | 65535 | 0 | 0 | 0
399 | 296 | 14 | 5 | 1018 | -4 | 65535 | 0 | 0 | 0
400 | 296 | 14 | 5 | 1018 | -4 | 65535 | 0 | 0 | 0
401 | 296 | 14 | 4 | 1018 | -4 | 65535 | 0 | 0 | 0
402 | 296 | 14 | 3 | 1018 | -4 | 65535 | 0 | 0 | 0
403 | 296 | 14 | 3 | 1018 | -4 | 65535 | 0 | 0 | 0
404 | 297 | 15 | 3 | 1018 | -3 | 65535 | 0 | 0 | 0
405 | 297 | 16 | 3 | 1018 | -3 | 65535 | 0 | 0 | 0
406 | 296 | 16 | 2 | 1018 | -4 | 65535 | 0 | 0 | 0
407 | 296 | 15 | 1 | 1019 | -4 | 65535 | 0 | 0 | 0
408 | 297 | 15 | 1 | 1019 | -3 | 65535 | 0 | 0 | 0
409 | 297 | 14 | 1 | 1019 | -3 | 65535 | 0 | 0 | 0
410 | 296 | 14 | 2 | 1018 | -4 | 65535 | 0 | 0 | 0
411 | 297 | 14 | 2 | 1017 | -3 | 65535 | 0 | 0 | 0
412 | 297 | 14 | 3 | 1017 | -3 | 65535 | 0 | 0 | 0
413 | 296 | 14 | 3 | 1018 | -4 | 65535 | 0 | 0 | 0
414 | 296 | 15 | 2 | 1018 | -4 | 65535 | 0 | 0 | 0
415 | 297 | 16 | 1 | 1018 | -3 | 65535 | 0 | 0 | 0
416 | 296 | 17 | 1 | 1018 | -4 | 65535 | 0 | 0 | 0
